7E 02 00 00 1C 01 33 05 13 13 86 6E EF 00 00 00 00 00 00 00 03 01 61 7D 01 B4 06 C1 B8 D8 00 64 00 00 01 5C 19 0C 04 11 00 1D 07 7E

7E 02 00 00 2C 01 47 98 58 85 50 04 77 00 00 00 00 00 00 00 02 01 61 4A 14 06 C1 ED 38 00 00 00 00 00 00 25 12 04 16 43 17 01 04 00 01 62 4B 03 02 00 00 25 04 00 00 00 00 5C 7E


7E 02 00 00 2C 01 47 98 58 85 50 04 77 00 00 00 00 00 00 00 02 0161 4A 14 06 C1 ED 38 00 00 00 00 00 00 25 12 04 16 43 17 01 04 00 01 62 48 03 02 00 00 25 04 00 00 00 00 5C 7E


7E            起始位
02 00 			消息ID
00 2C 				属性
01 47 98 58 85 50 	终端手机号（BCD）
04 77 				流水号
00 00 00 00 		报警标志
00 00 00 02 		状态
01 61 4A 14 		纬度
06 C1 ED 38 		经度
00 00 				海拔
00 00 				速度
00 00 				方向
25 12 04 16 43 17 	时间（BCD）
01 04 00 01 62 48 	附加项 0x01（里程）
03 02 00 00 		附加项 0x03（油量/速度类）
25 04 00 00 00 00 	附加项 0x25 
5C 
7E
